   0.0000000000000000        22121.218513060663        17194.831937629686        14533.596863183097        12741.991412488478        11439.239823911119        10536.429179025879        10056.041109274449        10095.279149945583        10916.773395014498        9093.1437235444228        10063.142182556207        7292.6855475890843        6253.0685851091403        5789.1041858884764        5554.8364286409114        5426.7130439445409        5353.4496588724123        5311.5337847405654        5289.7344409707275        0.0000000000000000     
   18680.877598012878        16449.583790863257        14415.818962355488        12498.370056341682        10861.700135524825        9508.2866615140283        8466.2435777617939        7802.2310407517298        7591.0638988867986        7844.0904014149601        8289.0170199973982        7284.1698397447881        6501.2295726727089        5984.3165284409379        5680.6524054283282        5505.1199644336702        5402.0079352019829        5340.4774873593824        5304.2767687983087        5285.1099930983955        5273.0905775136043     
   14619.384663871075        13428.888608749017        12209.409423167828        10716.337360236555        9197.1755187231684        7781.8503563187960        6581.4766455518693        5730.1757692573638        5355.8658465006092        5449.7450785635901        5735.7466147810819        5719.7828101632540        5649.2953879211027        5548.7162339603583        5458.5683756750877        5390.1211976513441        5341.2914954238768        5307.6181849369705        5285.6051465702703        5273.1144856482870        5265.0170657573472     
   12476.261514446516        11680.490861439243        10724.510926081863        9402.2795717348017        7909.2696882353612        6391.4075212315238        4989.3420321229232        3901.9905620060467        3406.4447003988544        3599.4474363528257        4144.4045240071964        4632.7947040888139        4963.3763662710435        5144.3667621059949        5229.5603577100001        5262.9531756408796        5271.1217422583341        5268.5942619082971        5263.0556717666013        5258.4831001535740        5255.0727049371562     
   11391.944613888834        10747.168216379167        9878.1913761870237        8608.5408251540484        7094.3889013167118        5464.4499018848228        3836.4818912272267        2392.2060537122925        1654.8968896576894        2175.7653483677882        3131.5401998007906        3950.2054293796914        4518.8579167266371        4868.3886000672974        5065.3173654235770        5168.1037602604029        5217.2829481690260        5238.0639673885707        5245.1820657475082        5246.7896864706709        5247.0576938043914     
   11057.094306998903        10452.138796171525        9603.5423537286169        8343.6248828742173        6814.6606597968748        5133.3660328862616        3388.8282231985763        1653.9153905684288       0.92562492617531689        1498.1437912198139        2755.7186470796714        3711.6400057348537        4364.1824530722424        4770.9224326205040        5006.1921357754591        5133.3660328855331        5197.2967472192831        5226.6178408224951        5238.4342757308941        5242.3549992172320        5244.0035156345675     
   11391.944613888834        10747.168216379167        9878.1913761870237        8608.5408251540484        7094.3889013167118        5464.4499018848192        3836.4818912272235        2392.2060537122902        1654.8968896576860        2175.7653483677859        3131.5401998007878        3950.2054293796882        4518.8579167266371        4868.3886000672974        5065.3173654235770        5168.1037602604029        5217.2829481690260        5238.0639673885707        5245.1820657475082        5246.7896864706709        5247.0576938043914     
   12476.261514446516        11680.490861439243        10724.510926081863        9402.2795717348017        7909.2696882353612        6391.4075212315238        4989.3420321229232        3901.9905620060422        3406.4447003988544        3599.4474363528270        4144.4045240071928        4632.7947040888139        4963.3763662710435        5144.3667621059949        5229.5603577099992        5262.9531756408796        5271.1217422583341        5268.5942619082971        5263.0556717666013        5258.4831001535740        5255.0727049371562     
   14619.384663871075        13428.888608749017        12209.409423167828        10716.337360236555        9197.1755187231684        7781.8503563187960        6581.4766455518629        5730.1757692573592        5355.8658465006047        5449.7450785635901        5735.7466147810801        5719.7828101632495        5649.2953879211027        5548.7162339603619        5458.5683756750886        5390.1211976513423        5341.2914954238759        5307.6181849369686        5285.6051465702694        5273.1144856482870        5265.0170657573472     
   18680.877598012878        16449.583790863257        14415.818962355488        12498.370056341682        10861.700135524825        9508.2866615140265        8466.2435777617920        7802.2310407517361        7591.0638988868004        7844.0904014149592        8289.0170199974000        7284.1698397447835        6501.2295726727089        5984.3165284409415        5680.6524054283273        5505.1199644336675        5402.0079352019811        5340.4774873593824        5304.2767687983087        5285.1099930983955        5273.0905775136043     
   0.0000000000000000        22121.218513060663        17194.831937629686        14533.596863183097        12741.991412488478        11439.239823911119        10536.429179025879        10056.041109274449        10095.279149945583        10916.773395014498        9093.1437235444264        10063.142182556210        7292.6855475890843        6253.0685851091366        5789.1041858884728        5554.8364286409114        5426.7130439445409        5353.4496588724123        5311.5337847405654        5289.7344409707275        0.0000000000000000     
