   0.0000000000000000        23.469227811168768        39.463788569393522        51.445060152145217        60.556453018523598        67.238493235259028        71.666102385483157        73.876648196288798        73.786429690320347        71.109212542824167        65.028356156184998        52.922925370218998        44.902077265925641        38.337564804180246        32.395955408335425        26.759376139494744        21.286306154766223        15.905976957451053        10.579436368584737        5.2829408038954497        0.0000000000000000     
   0.0000000000000000        17.209479811062593        31.476198200979056        42.888469153462495        51.782095012621660        58.378900426543211        62.789726852037631        65.043652629406438        65.097671445846544        62.829457863363402        58.059298612590943        50.899059487565694        44.191651416865355        38.042734907436113        32.258532387467952        26.690812356507529        21.250900661367140        15.887551628761836        10.570178395387529        5.2790816004027565        0.0000000000000000     
   0.0000000000000000        13.898330115949095        26.354585233665887        36.867462352358785        45.326488555009618        51.731669639113228        56.100437236488105        58.443808216249188        58.766630089194784        57.088499858910822        53.517631056661848        48.459213071875567        42.958217570604994        37.416433937372823        31.934810639450816        26.520821673247994        21.160862071237595        15.840088270661699        10.546172938355737        5.2690434939639017        0.0000000000000000     
   0.0000000000000000        12.035092302384490        23.187880227999802        32.917245570017883        40.946658317011583        47.147235368882789        51.466729505592255        53.897757099696847        54.472025321462496        53.277131429810048        50.500822793309140        46.498794690626774        41.801055417170090        36.763215545138024        31.573638318845230        26.323183058961217        21.053567243498435        15.782704212583344        10.516910546925331        5.2567557282074411        0.0000000000000000     
   0.0000000000000000        11.059995748956148        21.456127768653896        30.683920485569441        38.417594875393817        44.470267044515147        48.751673584604660        51.241709545563751        51.982067153148193        51.084028749267503        48.747044106503736        45.270937998432466        41.019477423485895        36.294977420594137        31.303527791226998        26.171086433650380        20.969449195229505        15.737188557689159        10.493538262172283        5.2469051631026424        0.0000000000000000     
   0.0000000000000000        10.754599808411776        20.904244575323951        29.961652831830307        37.591464756708802        43.590947381049673        47.858173511388578        50.368584536359222        51.165989483871599        50.366723312950754        48.169696997025319        44.855286293026559        40.746422420494682        36.126931837429225        31.204592752552347        26.114567123750398        20.937884111070250        15.720000329963735        10.484677735100792        5.2431629534518462        0.0000000000000000     
   0.0000000000000000        11.059995793357693        21.456127856354875        30.683920614397323        38.417595042162866        44.470267245107173        48.751673814070742        51.241709798246632        51.982067422821146        51.084029029287223        48.747044389973752        45.270938278372697        41.019477693004916        36.294977673058455        31.303528020425102        26.171086633945663        20.969449361699475        15.737188686246654        10.493538349665382        5.2469052073900926        0.0000000000000000     
   0.0000000000000000        12.035092393019669        23.187880407016610        32.917245832978395        40.946658657411483        47.147235778315874        51.466729973957825        53.897757615448299        54.472025871890736        53.277132001355781        50.500823371896118        46.498795262008315        41.801055967279652        36.763216060436122        31.573638786653106        26.323183467773749        21.053567583268336        15.782704474968854        10.516910725494895        5.2567558185941881        0.0000000000000000     
   0.0000000000000000        13.898330256317507        26.354585510898598        36.867462759573399        45.326489082130493        51.731670273122873        56.100437961746977        58.443809014878809        58.766630941516752        57.088500743929444        53.517631952581198        48.459213956635011        42.958218422422775        37.416434735283019        31.934811363819868        26.520822306259607        21.160862597333072        15.840088676924804        10.546173214831654        5.2690436339008633        0.0000000000000000     
   0.0000000000000000        17.209480006012921        31.476198585967019        42.888469718911480        51.782095744537529        58.378901306853180        62.789727859029881        65.043653738260645        65.097672629242481        62.829459092151424        58.059299856509462        50.899060715985385        44.191652599543204        38.042736015260928        32.258533393178368        26.690813235364068        21.250901391765254        15.887552192767229        10.570178779183550        5.2790817946359780        0.0000000000000000     
   0.0000000000000000        23.469228065690288        39.463789071868554        51.445060890054656        60.556453973610665        67.238494383948975        71.666103699452208        73.876649643156043        73.786431234440869        71.109214146165499        65.028357779261825        52.922926973066282        44.902078809081125        38.337566249657456        32.395956720559994        26.759377286182257        21.286307107720656        15.905977693264713        10.579436869226505        5.2829410571845612        0.0000000000000000     
