   7.1559440487102800E-317   10000.000000000000        10000.000000000000        10000.000000000000        10000.000000000000        10000.000000000000        10000.000000000000        10000.000000000000        10000.000000000000        10000.000000000000        0.0000000000000000        0.0000000000000000        0.0000000000000000        0.0000000000000000        0.0000000000000000        0.0000000000000000        0.0000000000000000        0.0000000000000000        0.0000000000000000        0.0000000000000000        0.0000000000000000     
  -0.0000000000000000        4785.4488761179691        6554.6017241150075        7288.7989824796014        7614.9823386358303        7753.4119266079351        7782.8327215209365        7716.4201519097978        7509.8999733312621        7010.3565213490701        5755.3627313598345        2231.8563285047189        971.93002031272613        460.56559512463127        230.57253125133491        119.27736140678569        62.722148366171737        32.944425695134782        16.631771096641934        6.9486832737783999        0.0000000000000000     
  -0.0000000000000000        2587.1937803572082        4144.1590378624705        4985.6118671680888        5417.7184454560784        5615.8326462754540        5661.4988075660231        5572.9479127858067        5312.8232200661396        4776.1633807049720        3779.2380755862246        2200.1325623462299        1195.2981576212060        639.75982893531125        342.44716847328328        183.81476600971956        98.666806363100434        52.423783317895989        26.633975417710509        11.162961998539611        0.0000000000000000     
  -0.0000000000000000        1419.1672074479316        2449.2287798094844        3091.7710028746724        3454.4469297448045        3630.7014054712427        3674.3819496816423        3601.0494716002909        3392.2816134412451        3002.2357058175899        2385.2936279342175        1594.1376876722054        969.37021888970423        560.72839452177095        315.64154769640675        174.86772779560056        95.706527758910198        51.449925795667539        26.317385257729420        11.069189302671312        0.0000000000000000     
  -0.0000000000000000        640.24626962504703        1141.8178710525738        1477.7964347759641        1677.5968651762341        1778.1440961840183        1804.2781140892571        1764.5864104923596        1653.0180562806506        1455.2042011895169        1165.5630426607538        821.75434151893614        527.31663574337870        318.14198256513396        184.52289999493843        104.30806971787021        57.841651081188772        31.352006847976455        16.116450514992664        6.7964099543953438        0.0000000000000000     
  -0.0000000000000000       -0.0000000000000000       -0.0000000000000000       -0.0000000000000000       -0.0000000000000000       -0.0000000000000000        3.5527136788005009E-012   3.5527136788005009E-012   3.5527136788005009E-012   3.5527136788005009E-012   3.5527136788005009E-012  -0.0000000000000000       -0.0000000000000000       -0.0000000000000000       -0.0000000000000000       -0.0000000000000000       -0.0000000000000000       -0.0000000000000000       -0.0000000000000000       -0.0000000000000000        0.0000000000000000     
  -0.0000000000000000       -640.24626962504703       -1141.8178710525738       -1477.7964347759641       -1677.5968651762341       -1778.1440961840183       -1804.2781140892571       -1764.5864104923562       -1653.0180562806472       -1455.2042011895132       -1165.5630426607538       -821.75434151893614       -527.31663574337870       -318.14198256513396       -184.52289999493843       -104.30806971787021       -57.841651081188772       -31.352006847976455       -16.116450514992664       -6.7964099543953438        0.0000000000000000     
  -0.0000000000000000       -1419.1672074479316       -2449.2287798094844       -3091.7710028746724       -3454.4469297448045       -3630.7014054712427       -3674.3819496816459       -3601.0494716002872       -3392.2816134412451       -3002.2357058175935       -2385.2936279342175       -1594.1376876722054       -969.37021888970423       -560.72839452177095       -315.64154769640317       -174.86772779559880       -95.706527758908422       -51.449925795666651       -26.317385257729420       -11.069189302671312        0.0000000000000000     
  -0.0000000000000000       -2587.1937803572082       -4144.1590378624705       -4985.6118671680888       -5417.7184454560784       -5615.8326462754540       -5661.4988075660194       -5572.9479127858031       -5312.8232200661359       -4776.1633807049720       -3779.2380755862214       -2200.1325623462262       -1195.2981576212060       -639.75982893530772       -342.44716847327970       -183.81476600971780       -98.666806363100434       -52.423783317895989       -26.633975417710509       -11.162961998539611        0.0000000000000000     
  -0.0000000000000000       -4785.4488761179691       -6554.6017241150075       -7288.7989824796014       -7614.9823386358303       -7753.4119266079351       -7782.8327215209365       -7716.4201519098051       -7509.8999733312648       -7010.3565213490701       -5755.3627313598381       -2231.8563285047153       -971.93002031272260       -460.56559512462769       -230.57253125133849       -119.27736140678746       -62.722148366173514       -32.944425695135671       -16.631771096641934       -6.9486832737783999        0.0000000000000000     
   0.0000000000000000       -10000.000000000000       -10000.000000000000       -10000.000000000000       -10000.000000000000       -10000.000000000000       -10000.000000000000       -10000.000000000000       -10000.000000000000       -10000.000000000000        0.0000000000000000        0.0000000000000000        0.0000000000000000        0.0000000000000000        0.0000000000000000        0.0000000000000000        0.0000000000000000        0.0000000000000000        0.0000000000000000        0.0000000000000000        0.0000000000000000     
