   0.0000000000000000        22121.203675714591        17194.818952015925        14533.586047183913        12741.983053579157        11439.234120525562        10536.426117126293        10056.040322607578        10095.279838816594        10916.774386572735        9093.1435863025854        10063.139445129678        7292.6802830193756        6253.0609287951083        5789.0943323427509        5554.8246267846007        5426.6995910218457        5353.4348930907427        5311.5180767778011        5289.7181842923683        0.0000000000000000     
   18680.860521635659        16449.567896146073        14415.804744659074        12498.357921517285        10861.690459890851        9508.2797702069693        8466.2396235904143        7802.2297790054981        7591.0644596121037        7844.0913480268546        8289.0167951637777        7284.1671834791478        6501.2243505499819        5984.3088958448625        5680.6425714911547        5505.1081835606874        5401.9945059613110        5340.4627477878612        5304.2610889355619        5285.0937656190308        5273.0740031117484     
   14619.367615065246        13428.872336578786        12209.394441524177        10716.324176057939        9197.1645990514025        7781.8421687702285        6581.4715905009762        5730.1738954202865        5355.8663235770955        5449.7461210751326        5735.7464022472468        5719.7802285730195        5649.2902263728711        5548.7086373388192        5458.5585664940418        5390.1094388453312        5341.2780889720198        5307.6034697497780        5285.5894925407692        5273.0982849335396        5265.0005187499355     
   12476.244490769079        11680.474427938676        10724.495450013763        9402.2655412552231        7909.2575750198339        6391.3978411150583        4989.3353978620271        3901.9875769656201        3406.4450111259530        3599.4486670236342        4144.4043238679251        4632.7920939448586        4963.3711995005688        5144.3591734572028        5229.5505625935166        5262.9414344111001        5271.1083559352364        5268.5795688299295        5263.0400412896415        5258.4669238696042        5255.0561829522167     
   11391.927613585347        10747.151713964975        9878.1756142320555        8608.5262218199623        7094.3758582142264        5464.4388325923028        3836.4733124417357        2392.2009525488493        1654.8969902199328        2175.7670784691804        3131.5400187265586        3950.2027382613469        4518.8527042985243        4868.3809991948938        5065.3075756937369        5168.0920327688973        5217.2695797973793        5238.0492946860331        5245.1664571511865        5246.7735329247653        5247.0411951191436     
   11057.077329161575        10452.122287661976        9603.5265117092658        8343.6100906924257        6814.6472746096833        5133.3543773398887        3388.8185776547762        1653.9079862415149       0.93061171400249121        1498.1462434231462        2755.7185099621011        3711.6372882653213        4364.1772277986684        4770.9148339711692        5006.1823568394157        5133.3543207410494        5197.2833968933319        5226.6031879847287        5238.4186882559452        5242.3388675503966        5243.9870393532965     
   11391.927658537948        10747.151760437315        9878.1756665085413        8608.5262833378856        7094.3759333255894        5464.4389288500424        3836.4734455622815        2392.2011563423412        1654.8972644703852        2175.7672644722725        3131.5401264388374        3950.2028045160323        4518.8527500394794        4868.3810361492688        5065.3076102817731        5168.0920682521246        5217.2696175475112        5238.0493349590070        5245.1664995603496        5246.7735767298182        5247.0412399474944     
   12476.244582531033        11680.474522613906        10724.495555541740        9402.2656632306825        7909.2577195952135        6391.3980168758198        4989.3356163865483        3901.9878446871858        3406.4452986978604        3599.4489115662554        4144.4045001813138        4632.7922113728064        4963.3712838651500        5144.3592440893062        5229.5506306828202        5262.9415055835070        5271.1084324015046        5268.5796507822106        5263.0401277604451        5258.4670132548599        5255.0562744409281     
   14619.367757185715        13428.872482646899        12209.394601982178        10716.324357020974        9197.1648060003699        7781.8424072568205        6581.4718641411673        5730.1741986151019        5355.8666320522634        5449.7463985811946        5735.7466215355780        5719.7803752931986        5649.2903357349478        5548.7087347970264        5458.5586656538026        5390.1095459392300        5341.2782059348701        5307.6035960430354        5285.5896262192164        5273.0984232811088        5265.0006603858992     
   18680.860719042332        16449.568096918905        14415.804960858908        12498.358158856832        10861.690722171441        9508.2800596651177        8466.2399391631097        7802.2301126049233        7591.0647930672767        7844.0916554370915        8289.0170477421143        7284.1673226371895        6501.2244618471168        5984.3090089852285        5680.6426978112313        5505.1083267493468        5401.9946658543859        5340.4629221020805        5304.2612741721796        5285.0939575913926        5273.0741996801808     
   0.0000000000000000        22121.203899815962        17194.819148632989        14533.586211403430        12741.983180867715        11439.234207661051        10536.426164090679        10056.040334739504        10095.279828092969        10916.774370736895        9093.1435865496078        10063.139485090349        7292.6803617044134        6253.0610442605657        5789.0944817375994        5554.8248064196687        5426.6997964587717        5353.4351192470758        5311.5183180400754        5289.7184346132526        0.0000000000000000     
