   7.1559440487102800E-317  -19731.910918676320       -13987.932133211465       -10546.347129766094       -7896.7300293178405       -5554.8364286407295       -3319.0872005158240       -1060.1711142158549        1383.7128008824707        4379.0342951496013        9093.1437235444228        10063.142182556207        7292.6855475890843        6253.0685851091403        5789.1041858884764        5554.8364286409114        5426.7130439445409        5353.4496588724123        5311.5337847405654        5289.7344409707275        7.1558254729552781E-317
   5273.0905775136043       -15738.115705086570       -12839.510605690415       -10152.963284591484       -7745.2291003122937       -5503.8276439092297       -3332.3858040172709       -1153.9797452599387        1107.0923663098533        3519.1839493196258        5965.1993251089943        6933.8263306172475        6428.1675454369633        5966.5671575168662        5675.9711115483142        5503.8276439094652        5401.6437927810011        5340.3758723340816        5304.2506939438317        5285.1054251499354        7.1558254729552781E-317
   5265.0170657573472       -13177.309194561312       -11484.582026849832       -9485.9665152452708       -7432.1170851895067       -5386.9860457556233       -3356.0789752139613       -1333.1038624055295        677.64917032174310        2624.4970531781746        4314.6435307000711        5279.7094715090971        5521.3948142089957        5511.7110960477494        5447.8159521706302        5386.9860457557479        5340.3801082328901        5307.3592816028822        5285.5380423192091        5273.1026698740861        7.1739912786215690E-317
   5255.0727049371562       -11593.956667224098       -10441.092518879535       -8879.4038769978761       -7115.0083212049285       -5260.0472817992841       -3375.2705375069177       -1502.6553327598222        310.30783422901823        1985.5988048397107        3389.1685067502522        4349.8864126522285        4867.7948120260444        5113.7161683689437        5220.0260486227226        5260.0472817992832        5270.2528100891768        5268.3430413886917        5262.9898726244746        5258.4714497322248        1.2142157312194475E-319
   5247.0576938043914       -10728.080414751828       -9811.9782314230924       -8480.7483653099516       -6893.1866825929364       -5167.0510258187860       -3385.7309090849130       -1615.2041986459267        78.835404539042031        1617.5090676711470        2906.5455125546860        3863.7860624645837        4487.9855210585620        4857.9824248544519        5061.9552854444601        5167.0510258182512        5216.9623062329565        5237.9701391017015        5245.1573058262129        5246.7852846163560        0.0000000000000000     
   5244.0035156345675       -10452.138796171525       -9603.5423537286169       -8343.6248828742173       -6814.6606597968748       -5133.3660328862616       -3388.8282231985763       -1653.9153905684288       0.92562492617531689        1498.1437912198139        2755.7186470796714        3711.6400057348537        4364.1824530722424        4770.9224326205040        5006.1921357754591        5133.3660328855331        5197.2967472192831        5226.6178408224951        5238.4342757308941        5242.3549992172320        0.0000000000000000     
   5247.0576938043914       -10728.080414751828       -9811.9782314230924       -8480.7483653099516       -6893.1866825929364       -5167.0510258187824       -3385.7309090849094       -1615.2041986459267        78.835404539042031        1617.5090676711470        2906.5455125546828        3863.7860624645805        4487.9855210585620        4857.9824248544519        5061.9552854444601        5167.0510258182512        5216.9623062329565        5237.9701391017015        5245.1573058262129        5246.7852846163560        0.0000000000000000     
   5255.0727049371562       -11593.956667224098       -10441.092518879535       -8879.4038769978761       -7115.0083212049285       -5260.0472817992841       -3375.2705375069140       -1502.6553327598187        310.30783422901823        1985.5988048397073        3389.1685067502485        4349.8864126522285        4867.7948120260444        5113.7161683689437        5220.0260486227226        5260.0472817992832        5270.2528100891768        5268.3430413886917        5262.9898726244746        5258.4714497322248        0.0000000000000000     
   5265.0170657573472       -13177.309194561312       -11484.582026849832       -9485.9665152452708       -7432.1170851895067       -5386.9860457556233       -3356.0789752139540       -1333.1038624055261        677.64917032173594        2624.4970531781746        4314.6435307000711        5279.7094715090934        5521.3948142089957        5511.7110960477530        5447.8159521706320        5386.9860457557461        5340.3801082328891        5307.3592816028804        5285.5380423192082        5273.1026698740861        0.0000000000000000     
   5273.0905775136043       -15738.115705086570       -12839.510605690415       -10152.963284591484       -7745.2291003122937       -5503.8276439092260       -3332.3858040172636       -1153.9797452599353        1107.0923663098497        3519.1839493196221        5965.1993251089943        6933.8263306172439        6428.1675454369633        5966.5671575168699        5675.9711115483124        5503.8276439094616        5401.6437927809993        5340.3758723340816        5304.2506939438317        5285.1054251499354        0.0000000000000000     
   0.0000000000000000       -19731.910918676320       -13987.932133211465       -10546.347129766094       -7896.7300293178405       -5554.8364286407295       -3319.0872005158240       -1060.1711142158549        1383.7128008824707        4379.0342951496013        9093.1437235444264        10063.142182556210        7292.6855475890843        6253.0685851091366        5789.1041858884728        5554.8364286409114        5426.7130439445409        5353.4496588724123        5311.5337847405654        5289.7344409707275        0.0000000000000000     
