   0.0000000000000000        23.469244681452132        39.463821837352640        51.445108947875063        60.556516096884828        67.238569006510744        71.666188954166287        73.876743407542392        73.786531182597997        71.109317805777451        65.028462592298794        52.923030358688607        44.902178227186383        38.337659263510439        32.396041056968102        26.759450891733486        21.286368199686279        15.906024803844405        10.579468881941455        5.2829572343632734        0.0000000000000000     
   0.0000000000000000        17.209496651549724        31.476231410173138        42.888517862930556        51.782157979356107        58.378976063555143        62.789813267174566        65.043747671589685        65.097772757694443        62.829562938969978        58.059404859055192        50.899164288751990        44.191752197820698        38.042829197878063        32.258617882786965        26.690886974781435        21.250962594968033        15.887599389219433        10.570210850299871        5.2790980013317697        0.0000000000000000     
   0.0000000000000000        13.898346929216194        26.354618389122624        36.867510982915860        45.326551419613168        51.731745153294874        56.100523511124415        58.443903103722796        58.766731235935474        57.088604763079310        53.517737129579125        48.459317701679169        42.958318186560930        37.416528073261176        31.934895994465432        26.520896168919915        21.160923902953936        15.840135952454135        10.546205339748171        5.2690598678157166        0.0000000000000000     
   0.0000000000000000        12.035109090835308        23.187913334448197        32.917294128594378        40.946721088443951        47.147310771004236        51.466815652042520        53.897851846018071        54.472126317562164        53.277236177560034        50.500928707882743        46.498899164059530        41.801155882578286        36.763309540007441        31.573723545840398        26.323257442761996        21.053628982241833        15.782751822583641        10.516942899464450        5.2567720773346904        0.0000000000000000     
   0.0000000000000000        11.060012514320331        21.456160829503656        30.683968977166515        38.417657560123558        44.470342342352389        48.751759611761130        51.241804160522214        51.982168009052984        51.084133351444130        48.747149873710690        45.271042326334758        41.019577748781522        36.295071284217634        31.303612899072618        26.171160713328714        20.969510847436116        15.737236100862800        10.493570569232713        5.2469214892103739        0.0000000000000000     
   0.0000000000000000        10.754616551585213        20.904277592343050        29.961701259042449        37.591527358091483        43.591022578636199        47.858259423864006        50.368679025033352        51.166090205000863        50.366827775181001        48.169802622561235        44.855390481021658        40.746522611091528        36.127025574877173        31.204677745850521        26.114641303326255        20.937945680079455        15.720047808887688        10.484709998434464        5.2431792574258997        0.0000000000000000     
   0.0000000000000000        11.060012514320331        21.456160829503656        30.683968977166515        38.417657560123558        44.470342342352389        48.751759611761123        51.241804160522207        51.982168009052977        51.084133351444123        48.747149873710683        45.271042326334758        41.019577748781522        36.295071284217634        31.303612899072618        26.171160713328714        20.969510847436116        15.737236100862800        10.493570569232713        5.2469214892103739        0.0000000000000000     
   0.0000000000000000        12.035109090835308        23.187913334448197        32.917294128594378        40.946721088443951        47.147310771004236        51.466815652042520        53.897851846018064        54.472126317562157        53.277236177560027        50.500928707882743        46.498899164059530        41.801155882578286        36.763309540007441        31.573723545840398        26.323257442761996        21.053628982241833        15.782751822583641        10.516942899464450        5.2567720773346904        0.0000000000000000     
   0.0000000000000000        13.898346929216194        26.354618389122624        36.867510982915860        45.326551419613168        51.731745153294874        56.100523511124415        58.443903103722782        58.766731235935467        57.088604763079310        53.517737129579118        48.459317701679169        42.958318186560930        37.416528073261176        31.934895994465425        26.520896168919911        21.160923902953932        15.840135952454133        10.546205339748171        5.2690598678157166        0.0000000000000000     
   0.0000000000000000        17.209496651549724        31.476231410173138        42.888517862930556        51.782157979356107        58.378976063555143        62.789813267174559        65.043747671589671        65.097772757694429        62.829562938969971        58.059404859055185        50.899164288751983        44.191752197820698        38.042829197878056        32.258617882786957        26.690886974781431        21.250962594968033        15.887599389219433        10.570210850299871        5.2790980013317697        0.0000000000000000     
   0.0000000000000000        23.469244681452132        39.463821837352640        51.445108947875063        60.556516096884828        67.238569006510744        71.666188954166287        73.876743407542392        73.786531182597997        71.109317805777451        65.028462592298794        52.923030358688600        44.902178227186376        38.337659263510432        32.396041056968102        26.759450891733486        21.286368199686279        15.906024803844405        10.579468881941455        5.2829572343632734        0.0000000000000000     
